=== LightGBM ===
Macro F1: 0.9288
              precision    recall  f1-score   support

           0     0.9216    0.9800    0.9499      1500
           1     0.9155    0.8422    0.8773       450
           2     0.9956    1.0000    0.9978       450
           3     0.9845    0.9845    0.9845       258
           4     0.9800    0.9703    0.9751       202
           5     0.9185    0.8267    0.8702       450
           6     0.8947    0.8689    0.8816       450
           7     0.8953    0.8933    0.8943       450

    accuracy                         0.9297      4210
   macro avg     0.9382    0.9207    0.9288      4210
weighted avg     0.9295    0.9297    0.9288      4210


=== RandomForest ===
Macro F1: 0.8646
              precision    recall  f1-score   support

           0     0.7620    0.9860    0.8596      1500
           1     0.9568    0.6889    0.8010       450
           2     0.9758    0.9867    0.9812       450
           3     0.9453    0.9380    0.9416       258
           4     0.9029    0.9208    0.9118       202
           5     0.9664    0.6400    0.7701       450
           6     0.9106    0.7244    0.8069       450
           7     0.9328    0.7711    0.8443       450

    accuracy                         0.8603      4210
   macro avg     0.9191    0.8320    0.8646      4210
weighted avg     0.8797    0.8603    0.8570      4210


=== ExtraTrees ===
Macro F1: 0.8457
              precision    recall  f1-score   support

           0     0.7606    0.9573    0.8477      1500
           1     0.9054    0.7022    0.7910       450
           2     0.9671    0.9800    0.9735       450
           3     0.9400    0.9109    0.9252       258
           4     0.8356    0.9059    0.8694       202
           5     0.9349    0.6378    0.7583       450
           6     0.8670    0.6956    0.7719       450
           7     0.9053    0.7644    0.8289       450

    accuracy                         0.8444      4210
   macro avg     0.8895    0.8193    0.8457      4210
weighted avg     0.8582    0.8444    0.8412      4210


=== XGBoost ===
Macro F1: 0.9223
              precision    recall  f1-score   support

           0     0.9035    0.9860    0.9429      1500
           1     0.9126    0.8356    0.8724       450
           2     0.9934    1.0000    0.9967       450
           3     0.9769    0.9845    0.9807       258
           4     0.9799    0.9653    0.9726       202
           5     0.9326    0.8000    0.8612       450
           6     0.8910    0.8533    0.8717       450
           7     0.8981    0.8622    0.8798       450

    accuracy                         0.9230      4210
   macro avg     0.9360    0.9109    0.9223      4210
weighted avg     0.9234    0.9230    0.9218      4210


